19
23
61
64
67
77
81
95
97
101
106
109
116
128
131
141
142
145
172
180
182
189
194
228
240
241
248
250
253
271
277
290
302
304
315
325
329
340
342
347
355
357
360
363
365
380
381
385
388
395
400
405
407
410
413
414
415
422
426
434
438
443
445
449
451
461
464
466
467
483
484
486
493
498
509
515
517
519
521
522
524
526
532
533
536
552
555
556
559
569
581
589
591
598
602
604
608
612
617
628
636
642
648
653
657
658
663
666
669
670
673
674
675
680
686
689
692
694
702
705
712
716
720
729
733
741
750
754
758
768
771
774
777
784
787
792
793
794
795
800
808
809
832
837
848
853
854
872
879
882
896
899
900
903
905
913
921
923
930
942
946
953
954
958
959
961
983
984
987
999
1003
1004
1006
1014
1018
1027
1031
1034
1058
1059
1068
1071
1075
1080
1081
1100
1102
1107
1108
1113
1114
1124
1127
1132
1134
1139
1142
1143
1152
1157
1163
1165
1171
1173
1177
1188
1189
1191
1192
1196
1197
1207
1210
1213
1214
1226
1233
1234
1254
1265
1268
1270
1275
1278
1281
1307
1312
1317
1322
1330
1333
1334
1346
1347
1349
1352
1356
1361
1363
1365
1373
1375
1377
1381
1384
1388
1390
1394
1397
1401
1402
1405
1412
1418
1429
1430
1432
1433
1436
1441
1445
1470
1473
1484
1485
1486
1488
1492
1494
1501
1502
1505
1513
1521
1533
1534
1537
1540
1541
1542
1543
1544
1554
1557
1563
1565
1569
1571
1576
1585
1586
1590
1596
1640
1643
1646
1647
1652
1653
1657
1661
1663
1667
1677
1678
1679
1688
1691
1692
1693
1695
1702
1705
1711
1729
1730
1736
1737
1740
1741
1742
1751
1752
1756
1757
1762
1764
1765
1767
1776
1780
1782
1784
1788
1802
1803
1813
1815
1816
1818
1821
1827
1829
1835
1837
1842
1852
1855
1857
1859
1867
1870
1873
1877
1879
1882
1887
1889
1892
1895
1896
1897
1905
1909
1910
1917
1922
1927
1928
1931
1932
1940
1946
1965
1966
1972
1977
1981
1987
1988
1998
2001
2015
2018
2019
2023
2024
2056
2058
2065
2070
2071
2074
2084
2089
2093
2106
2110
2111
2115
2117
2122
2124
2130
2137
2143
2147
2163
2174
2180
2188
2192
2195
2207
2213
2217
2224
2226
2230
2233
2237
2238
2239
2240
2247
2250
2253
2267
2274
2277
2285
2287
2288
2289
2295
2302
2304
2305
2307
2308
2317
2324
2325
2330
2333
2334
2335
2336
2337
2338
2344
2350
2352
2353
2355
2362
2363
2370
2371
2372
2373
2374
2375
2379
2380
2381
2383
2385
2391
2397
2404
2419
2423
2424
2428
2430
2433
2438
2444
2447
2453
2456
2459
2465
2470
2472
2473
2477
2480
2484
2488
2491
2497
2501
2508
2519
2520
2521
2522
2528
2544
2547
2564
2574
2578
2590
2596
2597
2607
2623
2626
2630
2634
2638
2643
2646
2647
2671
2674
2681
2682
2694
2698
2703
2711
2730
2733
2737
2739
2740
2742
2743
2745
2750
2754
2760
2764
2767
2768
2771
2776
2780
2781
2783
2788
2791
2804
2806
2812
2816
2818
2820
2845
2851
2860
2869
2870
2888
2899
2902
2903
2905
2906
2911
2912
2914
2925
2934
2940
2946
2962
2969
2977
2981
2985
3008
3016
3026
3041
3044
3045
3048
3053
3059
3068
3072
3077
3079
3090
3124
3144
3153
3157
3158
3173
3175
3179
3181
3192
3197
3210
3233
3240
3245
3257
3266
3287
3300
3307
3313
3329
3366
3367
3385
3391
3397
3399
3401
3413
3423
3439
3444
3448
3451
3452
3471
3473
3474
3507
3513
3520
3527
3533
3567
3576
3577
3579
3583
3585
3602
3609
3610
3626
3628
3637
3639
3641
3643
3653
3660
3662
3665
3667
3669
3670
3673
3679
3683
3685
3688
3691
3693
3696
3712
3733
3735
3747
3770
3772
3783
3804
3810
3835
3840
3841
3852
3860
3869
3889
3893
3897
3900
3904
3905
3906
3911
3928
3933
3944
3949
3950
3951
3953
3957
3961
3962
3974
3976
3983
3985
3991
3996
4009
4011
4012
4015
4019
4027
4029
4034
4058
4060
4063
4079
4083
4091
4101
4102
4109
4111
4112
4125
4139
4145
4149
4151
4158
4159
4161
4167
4173
4174
4176
4182
4185
4190
4211
4221
4222
4242
4279
4293
4298
4299
4304
4312
4314
4340
4342
4343
4344
4347
4356
4371
4374
4381
4390
4405
4409
4424
4439
4445
4450
4455
4458
4462
4463
4474
4485
4486
4489
4490
4492
4495
4496
4502
4509
4520
4525
4526
4536
4537
4565
4567
4578
4581
4583
4618
4624
4630
4634
4635
4637
4658
4659
4668
4671
4678
4681
4693
4701
4702
4703
4706
4709
4714
4716
4728
4732
4742
4747
4766
4770
4771
4773
4774
4775
4776
4784
4786
4790
4791
4794
4822
4825
4831
4841
4856
4862
4863
4869
4872
4884
4893
4895
4904
4905
4917
4920
4921
4965
4971
4981
4987
4991
4992
4997
5005
5012
5015
5018
5036
5039
5049
5060
5062
5064
5067
5068
5072
5081
5093
5097
5109
5111
5116
5124
5134
5137
5140
5160
5161
5167
5172
5177
5187
5193
5196
5204
5205
5208
5211
5223
5227
5229
5244
5245
5259
5275
5276
5281
5292
5309
5312
5316
5341
5342
5346
5349
5350
5356
5362
5363
5364
5368
5370
5372
5375
5378
5380
5393
5407
5410
5412
5428
5444
5451
5459
5469
5470
5478
5479
5480
5481
5483
5485
5490
5496
5517
5518
5525
5554
5564
5570
5576
5578
5580
5586
5607
5616
5621
5623
5624
5626
5642
5655
5657
5675
5687
5688
5700
5721
5735
5744
5767
5768
5776
5786
5788
5789
5790
5797
5800
5809
5825
5826
5829
5843
5854
5855
5864
5867
5868
5873
5889
5891
5899
5900
5902
5913
5915
5919
5922
5928
5937
5941
5942
5948
5951
5960
5966
5970
5982
5991
5994
5996
6006
6010
6011
6012
6015
6017
6022
6031
6036
6043
6049
6051
6058
6064
6069
6072
6074
6075
6083
6088
6092
6095
6096
6098
6107
6115
6121
6126
6129
6130
6131
6132
6134
6137
6138
6139
6141
6145
6148
6150
6153
6157
6163
6165
6167
6178
6181
6188
6189
6190
6192
6195
6196
6199
6207
6209
6214
6220
6222
6228
6232
6239
6252
6261
6263
6267
6269
6279
6283
6287
6289
6297
6300
6302
6303
6306
6315
6316
6317
6318
6330
6337
6338
6341
6342
6345
6356
6358
6361
6365
6372
6376
6378
6385
6386
6392
6402
6408
6413
6415
6422
6423
6432
6433
6438
6442
6443
6452
6453
6459
6467
6473
6474
6477
6487
6489
6496
6504
6505
6508
6511
6515
6516
6517
6521
6523
6531
6534
6535
6544
6550
6554
6572
6573
6586
6588
6590
6592
6593
6596
6597
6601
6606
6612
6613
6617
6622
6634
6636
6647
6653
6655
6660
6669
6676
6680
6694
6699
6704
6706
6707
6709
6710
6719
6735
6736
6737
6746
6747
6752
6753
6754
6755
6759
6761
6765
6767
6768
6769
6778
6783
6784
6791
6798
6805
6814
6815
6821
6822
6826
6829
6841
6842
6843
6844
6854
6861
6866
6871
6881
6882
6909
6914
6933
6949
6951
6959
6960
6966
6969
6974
6976
6978
6979
6985
6990
6997
7002
7004
7008
7013
7016
7025
7027
7031
7033
7036
7046
7052
7054
7059
7063
7073
7076
7080
7091
7095
7099
7110
7111
7113
7118
7129
7143
7145
7148
7154
7155
7158
7159
7162
7168
7170
7171
7175
7176
7191
7192
7197
7219
7228
7232
7233
7235
7245
7246
7264
7281
7283
7288
7290
7291
7294
7295
7299
7306
7313
7316
7319
7321
7322
7323
7324
7333
7336
7338
7339
7340
7353
7375
7377
7380
7387
7390
7398
7402
7404
7411
7419
7429
7433
7455
7460
7463
7465
7466
7468
7473
7477
7478
7482
7490
7492
7500
7502
7504
7505
7528
7533
7538
7541
7548
7549
7552
7553
7555
7563
7574
7575
7585
7588
7594
7599
7601
7602
7607
7609
7611
7616
7617
7620
7628
7636
7646
7647
7648
7653
7654
7657
7658
7662
7666
7669
7686
7699
7702
7706
7708
7710
7714
7716
7720
7738
7739
7743
7745
7748
7754
7764
7768
7773
7776
7789
7795
7796
7805
7812
7822
7827
7834
7840
7848
7850
7854
7856
7857
7859
7860
7875
7886
7889
7890
7892
7893
7894
7895
7896
7897
7899
7903
7907
7911
7912
7913
7914
7925
7927
7930
7931
7932
7936
7947
7948
7952
7953
7973
7977
7979
7982
7983
7986
7988
8009
8010
8016
8017
8018
8019
8029
8031
8033
8034
8039
8040
8041
8046
8069
8072
8077
8080
8082
8087
8089
8090
8092
8095
8106
8109
8116
8118
8119
8131
8133
8135
8137
8138
8142
8151
8152
8153
8169
8182
8184
8186
8190
8194
8202
8204
8217
8218
8225
8230
8234
8235
8238
8254
8255
8265
8270
8279
8287
8291
8296
8303
8304
8305
8306
8321
8341
8346
8351
8353
8354
8356
8365
8375
8386
8388
8391
8402
8403
8404
8415
8416
8425
8433
8434
8441
8450
8458
8459
8464
8470
8477
8480
8491
8493
8494
8510
8530
8531
8548
8558
8560
8572
8581
8583
8587
8597
8613
8616
8636
8651
8658
8665
8670
8680
8688
8690
8697
8702
8709
8713
8720
8721
8726
8730
8735
8748
8753
8759
8766
8776
8777
8780
8786
8789
8795
8798
8802
8806
8814
8818
8820
8821
8823
8825
8830
8831
8832
8834
8841
8843
8846
8849
8859
8863
8869
8870
8872
8874
8881
8891
8894
8907
8911
8912
8916
8917
8918
8927
8930
8934
8935
8945
8965
8966
8969
8977
8978
8979
8981
8993
8994
8997
8999
9012
9013
9015
9021
9038
9040
9042
9044
9046
9059
9060
9072
9078
9085
9093
9101
9110
9115
9120
9128
9129
9134
9136
9143
9149
9155
9159
9163
9164
9166
9168
9178
9189
9206
9208
9213
9219
9224
9228
9229
9231
9242
9246
9248
9253
9255
9257
9264
9268
9269
9277
9284
9288
9290
9292
9325
9348
9357
9358
9362
9363
9365
9366
9376
9379
9384
9386
9394
9406
9409
9415
9418
9422
9430
9439
9440
9446
9458
9459
9468
9475
9477
9480
9481
9483
9487
9494
9503
9510
9520
9534
9535
9538
9541
9542
9550
9578
9616
9621
9632
9639
9648
9649
9650
9652
9664
9668
9671
9676
9704
9713
9714
9719
9722
9732
9735
9745
9746
9754
9755
9756
9759
9768
9772
9778
9782
9787
9789
9791
9794
9802
9819
9840
9855
9866
9873
9911
9912
9913
9933
9957
9959
10002
10030
10036
10051
10055
10057
10058
10060
10064
10074
10076
10084
10086
10087
10089
10099
10104
10111
10112
10116
10117
10124
10129
10142
10151
10159
10160
10165
10179
10200
10204
10205
10217
10226
10244
10245
10246
10270
10282
10283
10291
10298
10299
10300
10303
10308
10320
10322
10326
10327
10328
10329
10348
10349
10356
10359
10360
10361
10366
10367
10368
10370
10373
10384
10388
10400
10402
10409
10422
10428
10439
10464
10476
10480
10482
10485
10493
10502
10510
10513
10539
10540
10549
10568
10569
10578
10582
10589
10590
10593
10594
10602
10608
10618
10619
10621
10622
10643
10676
10677
10681
10685
10689
10703
10707
10710
10713
10715
10723
10724
10736
10737
10762
10785
10792
10793
10795
10803
10805
10808
10831
10836
10838
10841
10842
10847
10849
10851
10857
10866
10872
10875
10876
10880
10883
10894
10895
10897
10905
10921
10922
10926
10934
10939
10942
10946
10952
10954
10960
10962
10967
10972
10974
10980
10984
10987
10989
11010
11014
11024
11026
11034
11043
11046
11047
11056
11066
11070
11074
11079
11102
11125
11147
11169
11170
11172
11173
11182
11183
11190
11199
11202
11204
11205
11219
11221
11227
11237
11239
11241
11248
11252
11259
11262
11269
11276
11278
11282
11286
11287
11303
11307
11311
11313
11324
11330
11334
11335
11336
11341
11350
11355
11359
11376
11377
11378
11385
11395
11399
11408
11413
11414
11423
11426
11437
11443
11448
11449
11454
11456
11457
11459
11466
11467
11476
11478
11488
11492
11499
11501
11504
11505
11510
11515
11518
11523
11528
11529
11533
11534
11552
11553
11556
11562
11582
11584
11591
11599
11610
11616
11620
11623
11635
11642
11654
11656
11657
11658
11660
11666
11669
11670
11672
11675
11680
11691
11697
11704
11708
11730
11732
11733
11735
11738
11739
11751
11752
11757
11760
11766
11771
11772
11776
11778
11783
11789
11793
11807
11811
11820
11821
11829
11833
11834
11835
11841
11842
11844
11849
11862
11865
11867
11876
11879
11881
11882
11883
11897
11899
11901
11904
11911
11913
11915
11917
11919
11920
11921
11922
11932
11933
11942
11944
11947
11958
11965
11979
11983
11990
12006
12007
12010
12012
12016
12021
12027
12034
12042
12047
12053
12054
12085
12088
12095
12097
12099
12102
12106
12107
12109
12111
12114
12116
12130
12134
12139
12144
12146
12149
12150
12165
12180
12181
12183
12198
12203
12204
12220
12221
12222
12227
12239
12243
12245
12247
12253
12254
12267
12268
12270
12273
12290
12296
12323
12324
12330
12354
12370
12374
12384
12385
12394
12398
12406
12408
12428
12429
12431
12438
12441
12442
12458
12463
12464
12472
12473
12478
12486
12487
12493
12513
12516
12517
12519
12522
12529
12537
12540
12541
12543
12544
12557
12574
12582
12584
12585
12587
12602
12604
12615
12627
12629
12638
12646
12650
12663
12669
12672
12675
12684
12696
12699
12727
12730
12732
12734
12741
12744
12754
12757
12758
12769
12773
12778
12779
12791
12792
12800
12801
12804
12809
12810
12812
12816
12817
12823
12837
12839
12849
12850
12857
12858
12865
12870
12871
12875
12884
12885
12887
12888
12901
12904
12910
12912
12915
12938
12941
12943
12945
12946
12952
12956
12959
12965
12971
12972
12980
12981
12986
12994
12995
12998
13001
13002
13006
13010
13014
13024
13031
13034
13047
13052
13067
13068
13069
13071
13075
13076
13086
13087
13096
13114
13117
13118
13119
13124
13134
13136
13137
13145
13154
13163
13169
13185
13188
13189
13208
13216
13219
13225
13231
13238
13260
13261
13268
13270
13275
13277
13297
13304
13305
13314
13337
13344
13349
13363
13374
13378
13381
13384
13385
13386
13416
13417
13423
13427
13430
13436
13448
13452
13457
13464
13469
13470
13471
13473
13475
13476
13493
13497
13508
13509
13515
13522
13524
13534
13546
13555
13559
13565
13585
13586
13587
13599
13605
13609
13612
13631
13635
13636
13648
13650
13662
13683
13686
13702
13704
13707
13722
13727
13728
13729
13735
13737
13744
13745
13748
13749
13750
13755
13765
13766
13774
13794
13797
13800
13803
13805
13806
13807
13814
13816
13818
13824
13826
13827
13828
13831
13841
13845
13849
13852
13855
13861
13867
13877
13879
13880
13881
13887
13896
13897
13906
13909
13918
13923
13929
13936
13944
13948
13952
13954
13958
13980
13986
13990
13992
13996
14015
14016
14019
14032
14048
14053
14066
14068
14071
14077
14079
14094
14117
14124
14129
14139
14145
14156
14174
14191
14195
14200
14209
14214
14216
14219
14237
14249
14256
14269
14291
14298
14303
14304
14309
14314
14319
14323
14344
14350
14359
14365
14378
14379
14396
14398
14408
14414
14418
14426
14427
14431
14436
14441
14444
14460
14464
14466
14472
14480
14481
14485
14495
14518
14529
14532
14543
14547
14548
14552
14563
14564
14574
14590
14591
14596
14598
14599
14602
14603
14608
14615
14618
14646
14647
14649
14662
14668
14675
14677
14683
14684
14687
14688
14706
14709
14710
14717
14755
14759
14770
14790
14809
14824
14832
14836
14841
14846
14849
14866
14870
14877
14881
14892
14897
14909
14913
14922
14923
14939
14940
14942
14952
14984
14990
14997
15010
15016
15027
15032
15033
15049
15053
15057
15070
15073
15083
15086
15090
15093
15115
15116
15118
15122
15123
15133
15136
15143
15147
15149
15156
15158
15166
15168
15170
15175
15193
15194
15196
15198
15205
15207
15209
15212
15213
15234
15252
15262
15266
15300
15315
15319
15322
15329
15351
15356
15363
15364
15366
15367
15380
15390
15397
15410
15444
15450
15459
15464
15471
15553
15559
15565
15570
15575
15610
15615
15625
15656
15661
15675
15689
15690
15695
15703
15709
15714
15715
15717
15732
15740
15753
15758
15762
15771
15774
15776
15788
15792
15793
15795
15803
15804
15810
15866
15867
15872
15873
15894
15906
15915
15919
15921
15940
15945
15987
15992
15993
15997
16013
16015
16020
16022
16034
16041
16054
16062
16063
16066
16092
16094
16095
16096
16101
16107
16116
16123
16130
16132
16136
16141
16142
16143
16151
16159
16164
16165
16166
16177
16197
16198
16199
16204
16207
16212
16216
16226
16228
16245
16246
16271
16275
16285
16293
16298
16299
16300
16308
16322
16333
16339
16342
16347
16348
16360
16364
16368
16388
16391
16401
16408
16410
16415
16417
16424
16425
16427
16428
16430
16432
16435
16437
16440
16475
16477
16478
16479
16486
16487
16506
16508
16514
16515
16527
16534
16536
16537
16539
16547
16551
16553
16557
16578
16586
16601
16603
16610
16619
16626
16632
16646
16647
16652
16654
16655
16682
16684
16687
16693
16696
16697
16698
16718
16728
16737
16764
16782
16785
16788
16804
16808
16810
16819
16845
16848
16852
16854
16861
16868
16869
16871
16874
16877
16881
16882
16884
16885
16887
16891
16907
16917
16920
16927
16933
16954
16970
16981
16985
17015
17016
17018
17033
17036
17042
17043
17050
17051
17052
17056
17058
17061
17064
17066
17068
17077
17087
17094
17101
17108
17110
17111
17112
17120
17121
17127
17130
17138
17146
17153
17157
17169
17170
17180
17190
17192
17197
17202
17207
17209
17213
17220
17227
17232
17239
17240
17241
17248
17259
17262
17265
17276
17280
17283
17284
17286
17290
17296
17302
17310
17318
17322
17323
17325
17329
17348
17351
17357
17362
17365
17366
17378
17381
17382
17385
17390
17400
17408
17409
17410
17415
17416
17418
17419
17420
17427
17428
17430
17432
17435
17436
17441
17447
17448
17454
17458
17467
17476
17477
17484
17498
17499
17500
17503
17520
17522
17525
17537
17538
17541
17549
17555
17568
17573
17574
17583
17602
17609
17632
17638
17640
17642
17666
17678
17690
17694
17697
17704
17709
17717
17720
17721
17726
17730
17742
17751
17756
17768
17776
17777
17782
17783
17784
17785
17792
17796
17800
17805
17809
17816
17817
17839
17843
17856
17865
17870
17874
17877
17878
17915
17917
17936
17952
17970
17985
17988
17993
18001
18005
18010
18033
18034
18035
18047
18053
18055
18060
18077
18084
18108
18109
18117
18123
18133
18147
18158
18165
18173
18178
18180
18192
18193
18198
18200
18206
18217
18243
18245
18250
18262
18263
18264
18265
18266
18268
18269
18274
18275
18285
18293
18306
18307
18309
18328
18361
18369
18371
18379
18384
18387
18399
18407
18412
18416
18420
18430
18434
18439
18445
18459
18462
18463
18469
18495
18499
18502
18508
18534
18535
18540
18545
18546
18552
18554
18556
18574
18586
18591
18592
18605
18618
18621
18627
18629
18630
18632
18634
18642
18643
18644
18648
18651
18654
18663
18664
18688
18695
18698
18706
18707
18708
18710
18721
18727
18730
18732
18733
18745
18751
18753
18758
18762
18763
18768
18774
18778
18781
18789
18790
18798
18799
18802
18804
18807
18810
18812
18822
18825
18828
18839
18840
18851
18852
18853
18855
18858
18867
18876
18878
18884
18885
18886
18892
18894
18916
18918
18922
18931
18934
18936
18937
18938
18941
18945
18947
18950
18961
18965
18969
18970
18979
18985
18992
19001
19005
19007
19014
19022
19029
19031
19035
19039
19048
19052
19059
19062
19063
19066
19071
19073
19079
19088
19090
19091
19102
19108
19110
19123
19124
19128
19141
19147
19160
19163
19172
19174
19182
19186
19190
19197
19201
19204
19210
19211
19213
19216
19224
19227
19228
19232
19233
19235
19240
19247
19254
19256
19263
19264
19265
19274
19276
19277
19278
19317
19325
19328
19329
19342
19358
19359
19365
19367
19372
19373
19374
19378
19379
19382
19390
19391
19401
19430
19431
19435
19443
19445
19451
19462
19463
19469
19475
19477
19485
19489
19490
19494
19495
19498
19502
19519
19522
19524
19528
19532
19536
19555
19566
19569
19579
19592
19599
19607
19617
19620
19622
19628
19632
19634
19641
19642
19643
19644
19645
19648
19649
19653
19655
19659
19662
19665
19667
19668
19671
19673
19674
19676
19686
19696
19698
19700
19701
19702
19708
19711
19722
19730
19731
19734
19736
19738
19743
19745
19747
19750
19754
19755
19756
19757
19766
19767
19769
19770
19774
19782
19788
19806
19811
19812
19816
19818
19820
19822
19824
19828
19840
19842
19843
19844
19847
19855
19858
19859
19861
19866
19867
19883
19887
19895
19904
19905
19906
19913
19914
19921
19924
19928
19930
19931
19934
19935
19936
19939
19941
19950
19952
19955
19958
19960
19963
19968
19969
19972
19974
19981
19985
19995
20001
20007
20010
20012
20013
20014
20015
20017
20018
20023
20029
20030
20036
20040
20044
20048
20055
20056
20057
20063
20069
20071
20076
20079
20080
20084
20088
20089
20090
20094
20097
20099
20101
20102
20113
20121
20122
20125
20129
20133
20142
20143
20145
20146
20150
20152
20169
20170
20182
20185
20187
20189
20190
20194
20207
20208
20213
20221
20235
20238
20243
20245
20253
20258
20266
20269
20275
20279
20290
20292
20295
20298
20300
20303
20307
20313
20315
20318
20324
20327
20329
20330
20332
20334
20336
20338
20339
20341
20342
20351
20359
20360
20364
20368
20370
20375
20381
20383
20387
20389
20391
20392
20395
20396
20404
20407
20408
20410
20414
20415
20417
20419
20425
20432
20435
20440
20441
20443
20447
20456
20457
20472
20481
20491
20492
20499
20508
20512
20513
20515
20518
20519
20523
20535
20536
20545
20548
20552
20561
20563
20569
20582
20585
20590
20592
20598
20604
20606
20612
20617
20618
20623
20624
20633
20634
20640
20645
20665
20674
20678
20682
20696
20701
20704
20705
20710
20729
20743
20746
20760
20765
20769
20781
20782
20789
20790
20791
20792
20795
20803
20804
20805
20807
20809
20814
20835
20846
20853
20854
20857
20860
20865
20868
20869
20873
20881
20885
20887
20889
20897
20917
20920
20941
20951
20952
20955
20958
20960
20961
20964
20984
20987
20988
21000
21012
21023
21024
21034
21039
21049
21056
21059
21060
21061
21063
21067
21068
21070
21073
21077
21080
21084
21092
21094
21115
21116
21119
21121
21123
21125
21128
21131
21133
21136
21140
21144
21148
21155
21158
21159
21161
21164
21168
21192
21201
21209
21213
21215
21230
21233
21235
21257
21270
21276
21287
21300
21309
21311
21323
21330
21347
21348
21350
21354
21355
21357
21358
21374
21383
21385
21390
21415
21426
21427
21432
21435
21436
21439
21453
21458
21462
21472
21473
21474
21476
21477
21491
21494
21503
21505
21509
21514
21515
21535
21541
21546
21548
21550
21556
21575
21595
21600
21604
21610
21614
21623
21627
21628
21632
21634
21635
21655
21661
21662
21665
21671
21680
21682
21683
21690
21697
21705
21708
21714
21719
21720
21732
21737
21738
21741
21748
21754
21760
21762
21770
21773
21784
21792
21794
21812
21818
21833
21838
21841
21845
21857
21865
21871
21883
21896
21900
21903
21904
21905
21911
21915
21918
21920
21922
21926
21931
21932
21938
21941
21954
21958
21960
21963
21976
21980
21988
21990
21994
21998
22010
22017
22023
22029
22036
22057
22059
22073
22077
22088
22101
22121
22134
22140
22141
22159
22160
22183
22194
22204
22205
22208
22213
22252
22264
22265
22272
22283
22284
22286
22294
22295
22301
22305
22307
22308
22329
22330
22338
22342
22347
22353
22369
22376
22381
22382
22389
22398
22406
22414
22415
22416
22417
22425
22426
22428
22448
22458
22459
22469
22470
22494
22502
22504
22506
22510
22524
22533
22536
22556
22561
22563
22577
22578
22602
22608
22612
22614
22634
22641
22646
22650
22656
22661
22663
22666
22674
22685
22688
22692
22713
22716
22719
22731
22743
22766
22769
22774
22776
22778
22781
22793
22797
22801
22803
22823
22824
22828
22834
22841
22855
22861
22875
22876
22879
22883
22902
22906
22908
22910
22914
22918
22919
22920
22923
22927
22930
22931
22933
22934
22966
22971
22973
22975
22982
22984
22987
22998
23006
23011
23020
23022
23024
23035
23043
23055
23068
23072
23076
23078
23080
23081
23088
23098
23103
23111
23118
23123
23136
23141
23164
23174
23177
23178
23187
23198
23209
23211
23219
23227
23233
23236
23266
23292
23293
23303
23308
23311
23322
23330
23371
23373
23374
23383
23389
23390
23404
23414
23419
23423
23434
23442
23451
23465
23477
23485
23487
23488
23491
23493
23494
23495
23499
23508
23511
23516
23551
23552
23553
23557
23575
23588
23598
23610
23620
23659
23664
23674
23676
23679
23683
23699
23713
23716
23723
23738
23739
23746
23750
23763
23764
23769
23774
23790
23792
23795
23796
23807
23808
23809
23810
23815
23817
23824
23825
23830
23831
23837
23848
23851
23858
23868
23869
23875
23876
23878
23887
23888
23891
23905
23926
23929
23932
23939
23942
23948
23954
23955
23956
23961
23964
23970
23976
23978
23987
23993
23998
23999
24002
24004
24006
24011
24012
24013
24016
24019
24020
24023
24024
24034
24049
24050
24056
24057
24058
24068
24074
24077
24085
24101
24109
24120
24125
24129
24133
24135
24152
24170
24175
24177
24186
24190
24191
24194
24196
24202
24215
24221
24235
24237
24238
24239
24250
24251
24263
24270
24277
24281
24283
24311
24313
24318
24321
24327
24331
24333
24339
24350
24353
24357
24359
24377
24380
24386
24395
24402
24406
24407
24409
24411
24417
24425
24426
24443
24446
24448
24452
24453
24463
24468
24473
24475
24490
24492
24496
24503
24504
24505
24515
24530
24541
24551
24558
24560
24563
24569
24571
24574
24577
24582
24588
24592
24595
24598
24600
24606
24618
24623
24624
24630
24632
24633
24635
24640
24646
24648
24654
24656
24658
24668
24671
24682
24695
24710
24717
24719
24720
24721
24727
24734
24747
24750
24752
24755
24756
24758
24761
24763
24771
24774
24786
24795
24803
24806
24809
24811
24813
24816
24817
24822
24826
24827
24830
24847
24849
24854
24859
24867
24874
24879
24881
24889
24895
24896
24898
24909
24911
24919
24924
24926
24927
24928
24935
24943
24946
24964
24965
24966
24973
24975
24978
24985
25001
25004
25007
25018
25024
25033
25045
25046
25047
25048
25050
25060
25061
25064
25071
25073
25074
25085
25095
25097
25098
25103
25105
25109
25115
25123
25132
25138
25143
25144
25148
25149
25159
25163
25167
25169
25170
25171
25179
25180
25182
25183
25189
25191
25198
25199
25201
25218
25222
25232
25236
25241
25253
25254
25255
25256
25258
25260
25263
25267
25277
25278
25285
25296
25297
25300
25301
25304
25307
25316
25318
25321
25326
25332
25333
25351
25359
25366
25372
25378
25382
25390
25399
25402
25404
25406
25407
25409
25413
25417
25423
25431
25444
25446
25451
25452
25467
25481
25490
25491
25493
25494
25502
25504
25511
25517
25519
25525
25534
25538
25540
25544
25548
25559
25560
25561
25566
25578
25585
25590
25594
25595
25598
25609
25611
25613
25615
25618
25626
25627
25629
25632
25636
25642
25643
25651
25653
25659
25661
25668
25669
25671
25673
25686
25692
25693
25703
25710
25711
25712
25715
25717
25719
25720
25724
25725
25727
25730
25741
25742
25748
25749
25750
25753
25758
25759
25763
25768
25781
25793
25807
25809
25811
25821
25825
25826
25832
25846
25851
25860
25867
25871
25873
25876
25879
25897
25898
25901
25919
25925
25930
25935
25936
25937
25941
25948
25954
25956
25958
25959
25962
25963
25967
25968
25985
26003
26010
26014
26017
26019
26020
26021
26022
26025
26033
26036
26042
26047
26052
26061
26067
26069
26072
26075
26080
26082
26091
26094
26095
26097
26102
26109
26112
26117
26123
26124
26130
26140
26145
26147
26149
26159
26160
26174
26177
26181
26183
26188
26206
26212
26213
26224
26238
26254
26268
26271
26273
26283
26286
26288
26294
26297
26299
26303
26304
26305
26308
26317
26332
26334
26347
26348
26355
26357
26371
26390
26391
26392
26393
26408
26410
26414
26424
26436
26441
26442
26447
26448
26453
26457
26458
26462
26465
26468
26472
26475
26488
26489
26490
26492
26493
26507
26509
26511
26512
26515
26516
26518
26534
26540
26546
26553
26558
26567
26569
26573
26593
26596
26597
26599
26605
26608
26611
26615
26616
26620
26622
26626
26630
26642
26647
26649
26661
26671
26672
26673
26677
26690
26694
26699
26705
26710
26721
26722
26734
26735
26741
26745
26751
26755
26758
26760
26763
26768
26788
26791
26797
26799
26824
26836
26845
26853
26858
26859
26863
26864
26871
26875
26881
26884
26895
26902
26913
26915
26919
26923
26929
26935
26954
26962
26983
26993
27011
27015
27017
27020
27021
27023
27024
27028
27034
27042
27054
27055
27063
27097
27102
27104
27109
27121
27127
27128
27134
27143
27146
27148
27155
27159
27164
27168
27171
27175
27178
27182
27184
27196
27203
27222
27231
27234
27236
27239
27241
27251
27254
27264
27272
27284
27289
27290
27295
27305
27311
27313
27318
27320
27327
27329
27330
27331
27349
27352
27369
27380
27381
27382
27385
27387
27395
27397
27398
27402
27403
27406
27408
27411
27413
27416
27423
27425
27435
27436
27437
27440
27459
27461
27470
27471
27472
27473
27481
27484
27485
27489
27500
27502
27518
27521
27523
27526
27528
27545
27548
27557
27565
27573
27581
27594
27606
27628
27634
27651
27652
27653
27655
27663
27669
27672
27674
27687
27691
27700
27702
27713
27723
27736
27742
27753
27768
27771
27784
27786
27787
27790
27792
27793
27809
27811
27812
27819
27820
27821
27826
27834
27846
27852
27860
27862
27864
27865
27883
27904
27917
27918
27922
27925
27929
27941
27942
27951
27954
27955
27962
27963
27965
27987
28001
28003
28015
28017
28018
28021
28051
28060
28071
28072
28073
28075
28083
28084
28089
28094
28098
28099
28102
28104
28115
28116
28120
28124
28125
28127
28137
28138
28142
28152
28193
28208
28225
28231
28240
28246
28251
28259
28261
28265
28267
28270
28274
28297
28298
28302
28304
28311
28318
28327
28329
28341
28345
28347
28383
28386
28388
28420
28422
28424
28426
28430
28442
28457
28459
28466
28471
28477
28483
28490
28491
28492
28499
28501
28522
28529
28535
28536
28544
28552
28554
28559
28571
28578
28586
28594
28607
28611
28612
28620
28621
28624
28631
28643
28645
28656
28657
28673
28678
28693
28705
28708
28711
28716
28717
28718
28720
28727
28733
28739
28748
28759
28768
28776
28781
28787
28794
28795
28804
28816
28828
28831
28836
28839
28848
28856
28857
28860
28864
28878
28880
28886
28904
28934
28946
28953
28957
28961
28971
28975
28987
28989
28994
28995
29018
29019
29025
29038
29042
29046
29050
29054
29061
29068
29078
29080
29081
29088
29093
29099
29119
29120
29121
29124
29131
29135
29137
29138
29140
29143
29144
29153
29181
29192
29194
29195
29206
29209
29211
29212
29213
29214
29240
29242
29250
29252
29255
29256
29266
29273
29279
29291
29308
29324
29339
29347
29348
29356
29374
29375
29385
29387
29391
29404
29434
29443
29461
29462
29476
29487
29489
29499
29504
29505
29508
29509
29521
29532
29539
29544
29545
29551
29560
29563
29564
29568
29570
29574
29576
29583
29584
29585
29586
29589
29591
29596
29606
29610
29621
29623
29692
29708
29718
29723
29725
29736
29737
29745
29766
29770
29772
29780
29783
29786
29804
29809
29811
29827
29834
29835
29841
29850
29871
29873
29874
29876
29878
29883
29884
29886
29887
29888
29889
29895
29901
29905
29909
29911
29912
29920
29921
29922
29938
29942
29951
29954
29963
29966
29968
29969
29975
29982
29984
29985
29988
29991
29992
29993
30001
30005
30007
30012
30024
30031
30032
30043
30052
30062
30074
30081
30082
30085
30103
30110
30115
30119
30120
30131
30142
30149
30157
30158
30166
30173
30177
30180
30191
30192
30193
30203
30209
30214
30215
30229
30231
30238
30241
30243
30246
30253
30254
30261
30263
30264
30267
30269
30272
30276
30278
30281
30285
30292
30298
30299
30304
30306
30309
30311
30314
30316
30327
30336
30337
30338
30342
30349
30350
30358
30359
30361
30375
30378
30379
30386
30389
30390
30391
30395
30398
30406
30407
30411
30414
30416
30425
30426
30427
30433
30434
30437
30439
30451
30464
30465
30471
30479
30480
30481
30491
30500
30504
30511
30512
30515
30518
30530
30532
30535
30538
30541
30542
30545
30554
30573
30580
30581
30582
30587
30590
30591
30599
30600
30605
30608
30612
30615
30617
30619
30623
30639
30663
30666
30667
30675
30679
30680
30689
30693
30711
30712
30713
30717
30721
30731
30733
30736
30749
30752
30770
30777
30778
30780
30783
30784
30785
30786
30787
30790
30802
30803
30807
30810
30816
30821
30826
30827
30829
30835
30839
30840
30846
30848
30851
30852
30853
30855
30865
30871
30889
30890
30894
30905
30913
30920
30921
30935
30941
30942
30948
30949
30959
30964
30973
30974
30980
30982
30988
30997
31000
31004
31008
31010
31012
31015
31017
31019
31021
31027
31028
31031
31057
31065
31076
31078
31081
31082
31083
31104
31109
31118
31121
31122
31126
31129
31130
31132
31134
31137
31150
31159
31165
31172
31182
31183
31184
31185
31187
31189
31190
31200
31209
31215
31217
31220
31231
31238
31244
31251
31256
31258
31262
31263
31267
31268
31273
31278
31283
31284
31286
31288
31303
31313
31314
31316
31318
31327
31328
31329
31330
31332
31334
31335
31336
31337
31343
31348
31358
31360
31364
31365
31366
31370
31373
31392
31394
31395
31396
31397
31401
31402
31403
31409
31412
31415
31418
31422
31426
31430
31432
31434
31435
31437
31445
31455
31461
31467
31472
31477
31484
31487
31489
31495
31496
31498
31499
31501
31507
31510
31513
31520
31529
31541
31544
31564
31565
31569
31571
31572
31577
31582
31610
31629
31636
31638
31641
31646
31649
31652
31657
31663
31670
31674
31677
31684
31685
31697
31698
31709
31711
31712
31719
31720
31721
31722
31726
31729
31734
31735
31737
31743
31745
31746
31760
31779
31788
31789
31794
31797
31798
31800
31804
31813
31818
31827
31834
31839
31841
31844
31846
31852
31867
31871
31887
31895
31909
31912
31919
31923
31927
31928
31943
31948
31950
31959
31963
31967
31969
31975
31988
31989
31994
32002
32005
32011
32012
32025
32031
32032
32037
32051
32052
32053
32057
32061
32066
32074
32076
32084
32091
32105
32106
32110
32123
32124
32129
32133
32134
32144
32145
32147
32151
32154
32156
32158
32163
32168
32172
32173
32175
32179
32181
32197
32201
32213
32214
32218
32220
32222
32225
32233
32240
32243
32247
32259
32264
32271
32273
32279
32280
32283
32289
32290
32303
32312
32313
32322
32333
32349
32350
32353
32355
32356
32365
32369
32370
32371
32378
32412
32413
32415
32424
32427
32442
32445
32446
32457
32458
32466
32468
32479
32491
32493
32498
32505
32510
32523
32541
32547
32550
32564
32568
32578
32582
32585
32607
32608
32609
32616
32621
32627
32628
32640
32642
32645
32648
32650
32655
32669
32679
32685
32703
32713
32716
32729
32731
32741
32750
32751
32753
32761
32775
32776
32784
32787
32794
32799
32800
32802
32807
32808
32812
32814
32818
32821
32831
32835
32840
32870
32876
32880
32883
32903
32908
32919
32920
32924
32926
32927
32931
32948
32951
32968
32974
32981
32983
32984
32990
33012
33022
33023
33025
33054
33055
33069
33080
33086
33090
33102
33105
33107
33110
33114
33125
33137
33178
33183
33184
33185
33188
33191
33192
33198
33216
33219
33221
33223
33225
33234
33241
33248
33252
33255
33256
33264
33266
33271
33279
33281
33282
33289
33294
33299
33300
33302
33309
33313
33324
33325
33330
33334
33338
33345
33348
33351
33360
33361
33371
33377
33384
33393
33394
33395
33399
33400
33406
33407
33411
33432
33433
33444
33445
33448
33449
33460
33461
33476
33477
33478
33481
33485
33486
33493
33496
33503
33514
33515
33517
33518
33527
33538
33545
33561
33572
33573
33576
33585
33591
33596
33610
33627
33642
33653
33663
33668
33669
33680
33682
33683
33686
33691
33692
33700
33702
33716
33717
33725
33728
33732
33745
33758
33759
33765
33771
33777
33779
33786
33790
33797
33800
33802
33805
33815
33818
33824
33827
33836
33837
33847
33869
33872
33880
33882
33892
33896
33900
33908
33918
33919
33922
33930
33936
33938
33951
33952
33953
33966
33971
33975
33976
33977
33982
33989
33992
33998
34003
34005
34007
34009
34010
34032
34034
34036
34040
34047
34051
34053
34068
34073
34075
34086
34095
34100
34115
34121
34125
34134
34139
34142
34144
34148
34149
34150
34156
34168
34181
34188
34194
34196
34198
34199
34206
34210
34212
34214
34230
34234
34236
34245
34250
34254
34261
34295
34300
34303
34304
34308
34313
34328
34329
34330
34334
34337
34341
34343
34347
34349
34352
34356
34358
34361
34374
34377
34378
34380
34381
34384
34391
34396
34397
34404
34407
34411
34421
34422
34439
34450
34454
34456
34458
34460
34461
34467
34469
34470
34476
34481
34482
34484
34486
34489
34492
34505
34530
34534
34537
34544
34547
34548
34554
34558
34567
34568
34569
34570
34578
34584
34588
34589
34597
34603
34609
34618
34619
34624
34632
34637
34638
34641
34646
34651
34660
34662
34673
34674
34700
34701
34705
34728
34746
34756
34770
34777
34791
34797
34806
34810
34812
34814
34828
34837
34848
34851
34855
34862
34866
34867
34868
34873
34875
34884
34885
34891
34929
34939
34941
34950
34960
34969
