9
13
34
37
57
108
137
140
149
172
240
260
342
364
368
395
516
529
558
577
595
659
663
714
717
770
798
808
818
820
836
837
840
852
867
870
880
890
904
910
923
952
960
982
997
1018
1019
1027
1049
1055
1056
1068
1100
1101
1115
1126
1127
1135
1175
1177
1210
1212
1214
1215
1227
1258
1265
1276
1279
1296
1301
1354
1362
1371
1381
1390
1426
1457
1465
1489
1491
1499
1500
1503
1509
1512
1566
1584
1592
1594
1630
1632
1691
1695
1697
1699
1735
1745
1751
1793
1795
1798
1803
1809
1821
1822
1833
1845
1854
1881
1913
1928
1958
1959
1969
1973
1983
1985
1986
2041
2069
2076
2128
2130
2134
2149
2159
2192
2197
2209
2210
2228
2235
2248
2269
2327
2336
2386
2398
2421
2427
2441
2443
2468
2480
2504
2522
2527
2544
2549
2553
2621
2626
2640
2654
2661
2689
2726
2762
2862
2870
2881
2913
2938
2940
2970
3004
3055
3079
3101
3120
3121
3157
3186
3200
3208
3221
3225
3233
3256
3271
3281
3295
3309
3335
3337
3340
3372
3386
3472
3557
3645
3675
3680
3720
3803
3812
3830
3877
3890
3892
3943
3947
3960
4012
4017
4034
4038
4052
4063
4107
4136
4160
4168
4200
4204
4218
4254
4256
4257
4258
4287
4352
4363
4387
4393
4418
4465
4476
4515
4527
4528
4530
4628
4631
4644
4691
4710
4712
4721
4760
4770
4788
4795
4821
4824
4858
4859
4899
4908
4916
4925
4950
4995
5048
5080
5112
5124
5160
5175
5183
5200
5209
5220
5226
5229
5233
5244
5280
5318
5322
5417
5490
5499
5513
5548
5550
5552
5557
5558
5563
5577
5583
5586
5590
5603
5612
5620
5630
5647
5653
5676
5697
5726
5733
5735
5745
5757
5805
5808
5809
5818
5824
5826
5868
5894
5931
5943
5948
5950
5960
5974
5993
5996
6008
6017
6018
6024
6030
6039
6043
6077
6106
6108
6140
6255
6266
6307
6312
6318
6321
6341
6369
6374
6404
6444
6462
6472
6483
6496
6502
6523
6557
6562
6564
6572
6589
6592
6594
6606
6650
6658
6680
6685
6709
6731
6771
6788
6822
6855
6861
6863
6866
6870
6878
6881
6888
6890
6916
6919
6937
6996
7019
7029
7089
7110
7170
7179
7196
7202
7216
7221
7254
7331
7337
7380
7409
7427
7454
7461
7463
7466
7470
7489
7493
7520
7536
7561
7583
7590
7591
7594
7616
7619
7669
7681
7682
7826
7877
7881
7927
7929
7954
7965
7968
7989
8051
8076
8095
8099
8101
8146
8170
8184
8191
8193
8247
8261
8276
8302
8308
8313
8329
8348
8357
8364
8390
8401
8402
8431
8493
8497
8501
8583
8584
8625
8638
8648
8649
8655
8720
8738
8766
8771
8815
8818
8838
8840
8846
8868
8870
8914
8943
8983
9016
9050
9063
9075
9079
9080
9091
9093
9100
9103
9106
9117
9131
9138
9143
9148
9157
9192
9193
9202
9223
9232
9264
9267
9268
9318
9320
9332
9351
9361
9380
9382
9387
9397
9420
9433
9449
9454
9460
9469
9471
9472
9479
9484
9583
9615
9639
9640
9643
9650
9652
9656
9668
9678
9680
9700
9705
9720
9726
9740
9745
9771
9790
9791
9805
9807
9821
9833
9835
9839
9841
9866
9897
9901
9903
9926
9944
9965
9967
9980
9985
9987
10004
10005
10010
10028
10031
10042
10049
10059
10079
10091
10100
10107
10116
10143
10151
10179
10180
10215
10244
10272
10281
10290
10294
10297
10307
10310
10312
10325
10327
10330
10337
10347
10351
10367
10381
10405
10406
10414
10415
10418
10462
10465
10467
10502
10519
10525
10529
10566
10570
10579
10586
10626
10637
10644
10646
10660
10683
10687
10689
10696
10701
10719
10801
10803
10815
10821
10828
10842
10851
10902
10956
10979
10987
10988
10991
11014
11015
11020
11071
11092
11096
11109
11110
11124
11128
11132
11134
11137
11172
11186
11225
11238
11252
11255
11263
11265
11266
11268
11274
11303
11325
11326
11377
11380
11392
11430
11471
11487
11501
11525
11543
11575
11581
11587
11600
11621
11650
11657
11757
11801
11804
11840
11862
11878
11882
11886
11947
11954
11989
11995
12004
12019
12020
12022
12024
12063
12101
12106
12108
12109
12117
12123
12124
12125
12129
12171
12172
12179
12182
12188
12191
12196
12206
12207
12216
12233
12252
12254
12260
12264
12275
12312
12320
12321
12327
12334
12337
12339
12342
12347
12348
12376
12377
12379
12408
12411
12547
12559
12562
12591
12614
12635
12647
12650
12653
12685
12688
12700
12719
12720
12739
12788
12794
12796
12798
12814
12820
12828
12833
12848
12854
12874
12877
12906
12907
12912
12945
12973
12975
12979
12999
13009
13010
13014
13022
13023
13047
13051
13054
13057
13059
13060
13125
13126
13141
13147
13166
13180
13199
13242
13314
13319
13391
13422
13426
13490
13526
13528
13529
13547
13571
13586
13605
13644
13664
13725
13728
13761
13766
13770
13771
13772
13796
13800
13818
13827
13839
13857
13873
13913
13937
13938
13962
14007
14048
14067
14085
14111
14117
14121
14135
14182
14186
14188
14189
14193
14210
14211
14236
14241
14262
14263
14266
14268
14302
14310
14311
14323
14330
14353
14410
14412
14414
14416
14467
14468
14470
14471
14476
14497
14507
14508
14510
14537
14540
14585
14648
14718
14746
14766
14783
14847
14857
14874
14903
14905
14909
14910
14924
14926
14944
15000
15008
15018
15052
15076
15083
15095
15129
15149
15192
15210
15219
15222
15226
15259
15276
15290
15299
15316
15325
15340
15356
15361
15385
15395
15397
15426
15433
15446
15483
15498
15525
15528
15535
15571
15578
15615
15653
15667
15692
15704
15710
15714
15729
15739
15750
15801
15803
15809
15810
15829
15830
15831
15865
15879
15883
15889
15956
15969
16029
16038
16046
16059
16068
16086
16087
16125
16190
16220
16236
16253
16271
16293
16314
16315
16321
16366
16380
16384
16386
16388
16444
16445
16572
16599
16613
16618
16619
16646
16651
16681
16699
16731
16732
16752
16753
16762
16763
16777
16804
16822
16852
16873
16882
16888
16898
16907
16918
16921
16927
16933
16972
16984
16999
17006
17010
17058
17059
17070
17097
17115
17130
17134
17142
17155
17166
17168
17169
17173
17188
17194
17198
17217
17229
17234
17259
17279
17337
17386
17388
17436
17474
17478
17525
17530
17542
17553
17589
17601
17685
17688
17738
17770
17826
17990
18022
18039
18043
18046
18061
18079
18085
18087
18088
18123
18136
18190
18191
18212
18220
18221
18232
18233
18242
18303
18336
18344
18347
18348
18492
18500
18569
18571
18609
18627
18647
18651
18659
18662
18703
18705
18768
18843
18846
18892
18893
18964
18970
19026
19033
19059
19061
19104
19105
19124
19128
19165
19182
19185
19186
19189
19227
19248
19250
19290
19333
19389
19413
19416
19427
19429
19432
19435
19443
19451
19458
19467
19468
19473
19488
19519
19563
19601
19620
19637
19679
19702
19730
19830
19845
19864
20007
20008
20011
20012
20014
20034
20068
20071
20072
20074
20084
20100
20108
20144
20156
20240
20241
20251
20287
20295
20312
20357
20360
20399
20406
20424
20426
20441
20489
20503
20507
20527
20537
20541
20585
20603
20638
20667
20685
20714
20733
20753
20754
20777
20806
20808
20816
20831
20863
20888
20922
20936
20937
20939
20949
20951
20952
20957
20979
20995
21003
21004
21011
21045
21046
21068
21078
21095
21112
21141
21160
21174
21181
21208
21296
21310
21319
21375
21390
21401
21424
21427
21441
21470
21475
21483
21485
21495
21514
21517
21520
21540
21552
21554
21572
21597
21601
21604
21608
21704
21718
21741
21831
21842
21844
21897
21907
21929
21983
21999
22029
22042
22045
22063
22118
22126
22143
22166
22169
22184
22203
22215
22322
22331
22353
22377
22447
22451
22485
22518
22529
22579
22595
22603
22609
22672
22675
22680
22686
22713
22716
22718
22722
22728
22733
22740
22747
22762
22768
22790
22821
22852
22867
22880
22884
22915
22957
22982
23044
23058
23094
23099
23115
23161
23176
23177
23184
23191
23199
23203
23244
23246
23275
23333
23374
23407
23409
23410
23422
23441
23457
23464
23495
23504
23505
23537
23655
23665
23683
23702
23706
23825
23839
23903
23971
23974
23986
23987
24001
24028
24042
24100
24115
24120
24133
24134
24162
24170
24176
24206
24220
24235
24237
24279
24282
24304
24311
24335
24367
24396
24406
24491
24494
24498
24499
24507
24538
24539
24549
24553
24555
24565
24583
24598
24599
24601
24608
24621
24675
24709
24741
24773
24781
24787
24788
24799
24824
24831
24836
24842
24858
24884
24890
24892
24906
24921
24948
24949
24959
24964
24975
24976
25000
25066
25068
25122
25132
25135
25148
25165
25174
25187
25196
25246
25249
25325
25326
25329
25381
25383
25410
25419
25437
25460
25475
25487
25495
25522
25523
25533
25603
25611
25623
25626
25628
25638
25643
25660
25678
25702
25740
25741
25749
25750
25801
25827
25843
25846
25858
25925
25987
26008
26009
26011
26036
26038
26074
26119
26120
26132
26151
26159
26162
26197
26198
26216
26220
26246
26250
26257
26292
26309
26311
26365
26381
26384
26385
26404
26452
26458
26561
26589
26685
26691
26730
26731
26740
26751
26796
26808
26811
26837
26850
26864
26893
26905
26930
26964
26967
26976
26998
27010
27047
27078
27095
27112
27152
27202
27304
27305
27395
27447
27450
27533
27537
27546
27549
27595
27616
27634
27635
27643
27662
27672
27721
27740
27764
27778
27825
27832
27867
27870
27876
27913
