96
468
579
740
743
753
870
872
880
953
1134
1215
1223
1242
1281
1302
1453
1459
1473
1474
1486
1492
1752
1877
2083
2085
2150
2300
2389
2461
2488
2524
2600
2605
2668
2811
2815
2816
2830
2979
2980
3236
3268
3293
3370
3380
3469
3476
3624
3629
3656
3657
3712
3877
3924
3929
3934
3938
3972
3978
3984
3985
4059
4220
4277
4280
4292
4372
4387
4486
4515
5140
5246
5427
5466
5493
5753
5804
5941
6007
6120
6424
6467
6629
6634
6640
6734
6755
6879
6916
6974
7013
7038
7147
7193
7230
7319
7405
7492
7494
7541
7556
7587
7794
7823
7918
7923
8004
8007
8032
8078
8172
8183
8420
8481
8482
8524
8527
8567
8569
8646
8652
8660
8784
8785
8807
8838
8840
8898
8907
8908
8909
8931
8933
9224
9244
9309
9347
9352
9460
9548
9552
9743
9832
9837
9840
10018
10116
10128
10144
10150
10157
10178
10203
10221
10256
10287
10297
10322
10343
10418
10487
10499
10500
10567
10840
10968
10995
10997
11029
11058
11111
11486
11510
11517
11524
11590
11644
11647
11648
11651
11653
11667
11670
11982
11984
12148
12151
12204
12402
12628
12630
12929
13010
13014
13090
13213
13259
13265
13324
13325
13340
13551
13621
13692
13748
13750
13812
13953
14099
14101
14156
14158
14202
14259
14268
14269
14654
14843
15107
15363
15381
15445
15555
15912
16092
16160
16170
16305
16484
16582
16757
16875
17237
17306
17310
17349
17397
17406
17790
17877
17888
17978
18073
18112
18113
18129
18190
18191
18233
18242
18245
18247
18401
18412
18413
18414
18592
18725
18806
18845
18849
18959
19016
19018
19684
20021
20100
20108
20137
20142
20154
20161
20418
20464
20578
20696
20734
20859
21214
21386
21486
21515
21535
21572
21753
21754
21825
21861
21910
21940
21950
21969
22145
22351
22450
22508
22510
22605
22625
22660
22691
22716
22718
22720
22721
22847
22932
22934
23017
23137
23180
23204
23434
23601
24247
24252
24270
24286
24324
24427
24428
24483
24658
24699
24762
24882
24884
25155
25173
25256
25268
25273
25329
25401
25573
25740
25936
26198
26266
26268
26484
26621
26623
26665
26839
26872
26972
27017
27044
27122
27130
27268
27272
27465
27469
27503
27718
27737
27765
27826
