37
108
137
149
227
240
342
364
368
529
595
663
714
770
798
836
852
890
904
923
952
1019
1055
1056
1177
1210
1215
1258
1265
1296
1314
1354
1362
1381
1436
1457
1465
1491
1503
1509
1512
1594
1630
1632
1695
1735
1751
1757
1795
1881
1904
1946
1969
1986
2057
2130
2192
2209
2210
2228
2235
2269
2336
2386
2421
2522
2544
2555
2823
2862
2870
2881
2892
3013
3036
3079
3101
3233
3281
3309
3372
3386
3653
3675
3682
3803
3812
3830
3943
4012
4034
4052
4107
4258
4352
4393
4465
4479
4480
4515
4528
4628
4631
4691
4718
4760
4788
4795
4858
4862
4899
4908
5080
5112
5124
5280
5417
5499
5548
5550
5552
5557
5558
5563
5583
5586
5603
5697
5726
5733
5735
5805
5808
5820
5824
5826
5894
5931
5993
5996
6017
6018
6030
6106
6305
6307
6318
6321
6369
6382
6391
6444
6483
6538
6589
6594
6658
6680
6771
6863
6937
7019
7043
7170
7179
7216
7221
7254
7510
7520
7561
7565
7569
7681
7682
7968
8043
8076
8099
8191
8193
8247
8276
8302
8308
8313
8431
8501
8502
8552
8583
8584
8766
8846
9050
9063
9075
9100
9103
9106
9117
9131
9157
9192
9193
9223
9264
9318
9320
9332
9337
9351
9378
9433
9639
9640
9680
9703
9716
9771
9833
9835
9839
9841
9903
9926
9987
10004
10005
10010
10023
10108
10116
10143
10151
10180
10201
10232
10307
10586
10683
10687
10689
10712
10803
10821
10851
10988
10991
11092
11096
11186
11225
11265
11274
11325
11326
11457
11471
11492
11501
11600
11621
11757
11763
11768
11882
11886
12019
12024
12101
12125
12129
12171
12172
12312
12475
12477
12517
12591
12635
12650
12700
12719
12720
12788
12812
12814
12829
12877
12906
12912
12945
12979
12999
13009
13022
13023
13047
13059
13125
13126
13209
13422
13616
13761
13766
13771
13772
13962
14067
14085
14111
14135
14176
14186
14188
14189
14193
14222
14241
14262
14263
14266
14268
14302
14357
14412
14416
14537
14540
14694
14857
14874
14903
14909
14910
14944
14974
15000
15008
15018
15076
15095
15192
15259
15276
15356
15498
15653
15667
15710
15729
15739
15783
15865
15879
15955
16029
16059
16087
16125
16253
16321
16386
16388
16444
16486
16512
16532
16570
16613
16699
16763
16777
16882
16907
16916
16918
16921
16927
16954
16960
16972
16984
17058
17059
17070
17115
17168
17169
17229
17259
17279
17445
17459
17463
17478
17603
17685
17727
17738
17770
17826
17990
18022
18039
18043
18079
18085
18094
18136
18232
18233
18242
18303
18324
18336
18361
18768
18892
18893
18970
19033
19059
19104
19105
19174
19182
19185
19186
19189
19208
19227
19248
19288
19372
19389
19413
19416
19451
19467
19473
19637
19679
19702
19730
19845
20011
20014
20068
20071
20114
20156
20240
20251
20287
20295
20346
20357
20360
20406
20424
20426
20441
20503
20541
20603
20669
20753
20806
20831
20951
20952
20979
21045
21068
21095
21112
21125
21174
21181
21319
21375
21390
21441
21485
21514
21517
21520
21552
21597
21601
21718
21844
21897
21929
21983
22029
22118
22126
22143
22203
22353
22377
22451
22568
22595
22603
22609
22672
22716
22718
22728
22733
22747
22762
22790
22821
22884
22915
23184
23275
23409
23410
23413
23464
23504
23505
23532
23575
23655
23665
23903
23971
23986
24001
24011
24028
24042
24100
24133
24134
24162
24170
24176
24191
24206
24235
24260
24282
24367
24396
24406
24436
24437
24462
24498
24544
24709
24741
24773
24787
24816
24836
24884
24890
24892
24975
24976
25066
25068
25135
25165
25174
25187
25326
25329
25335
25381
25383
25419
25437
25446
25460
25487
25603
25611
25637
25643
25678
25702
25740
25741
25813
26008
26036
26038
26074
26120
26197
26198
26250
26257
26311
26381
26384
26404
26634
26649
26730
26731
26751
26796
26905
26967
26976
27010
27025
27039
27043
27095
27152
27395
27634
27635
27643
27662
27721
27867
27870
27913
