1
2
87
90
92
96
108
111
150
167
188
195
208
286
364
368
399
427
432
446
466
474
480
492
494
525
548
584
585
593
599
637
714
764
803
821
858
909
918
934
966
976
992
1051
1174
1265
1300
1370
1456
1491
1498
1505
1560
1565
1566
1615
1715
1717
1743
1745
1791
1792
1808
1820
1825
1830
1860
1883
1891
1945
2039
2150
2236
2247
2291
2292
2456
2504
2534
2549
2713
2741
2787
2800
2807
2827
2913
3007
3012
3053
3057
3095
3105
3137
3144
3288
3456
3559
3587
3605
3608
3610
3699
3752
3800
3804
3851
3857
3869
3872
3875
3968
3973
4012
4013
4023
4071
4253
4469
4536
4539
4542
4590
4614
4615
4651
4688
4696
4714
4752
4760
4773
4780
4782
4788
4803
4819
4826
4852
4907
4912
4943
4984
5032
5057
5100
5103
5136
5147
5149
5170
5171
5174
5180
5190
5248
5260
5272
5281
5317
5341
5344
5359
5377
5477
5479
5515
5572
5600
5654
5708
5782
5810
5824
5826
5842
5853
5869
5873
5879
6060
6085
6118
6127
6183
6208
6211
6283
6290
6297
6304
6341
6343
6371
6385
6416
6417
6428
6441
6450
6465
6491
6519
6551
6559
6599
6612
6623
6648
6656
6661
6667
6682
6693
6713
6773
6860
6862
6867
6869
7036
7039
7078
7099
7101
7108
7111
7125
7132
7273
7434
7496
7515
7587
7646
7693
7716
7797
7837
7871
7877
7881
7980
7988
7990
8007
8078
8146
8169
8204
8210
8328
8331
8505
8556
8557
8579
8613
8625
8626
8638
8670
8671
8713
8730
8799
8805
8846
8857
8967
9015
9050
9056
9059
9079
9080
9086
9094
9100
9108
9112
9117
9121
9140
9174
9199
9200
9223
9236
9347
9351
9417
9418
9442
9448
9492
9509
9625
9652
9741
9902
9911
9923
9936
10024
10063
10067
10172
10197
10203
10221
10223
10243
10265
10297
10333
10337
10478
10491
10534
10558
10588
10601
10602
10724
10787
10789
10797
10814
10870
10892
10898
10984
11021
11076
11077
11092
11096
11165
11248
11252
11255
11268
11273
11286
11290
11291
11298
11304
11327
11331
11483
11484
11499
11585
11586
11588
11617
11619
11625
11667
11670
11679
11824
11831
11839
11840
11862
11878
11882
11889
11904
11955
11962
11983
11993
11998
12020
12022
12052
12058
12079
12094
12097
12107
12175
12587
12632
12745
12768
12784
12791
12832
12912
12993
13010
13014
13051
13054
13122
13247
13255
13311
13320
13391
13488
13503
13507
13564
13613
13687
13707
13710
13771
13772
13922
13929
13958
14085
14123
14193
14224
14268
14346
14374
14457
14608
14609
14611
14702
14709
14733
14803
14860
14903
14941
14959
14962
14990
15030
15052
15063
15088
15118
15269
15291
15310
15321
15355
15433
15490
15542
15543
15571
15655
15825
15847
15879
15909
15917
15939
15972
15989
16009
16065
16069
16109
16119
16137
16268
16279
16304
16310
16324
16372
16405
16446
16546
16547
16684
16708
16733
16777
16779
16820
16832
16854
16864
16949
16972
16974
16984
17060
17070
17181
17362
17377
17422
17525
17562
17635
17639
17692
17700
17781
17820
17839
17861
18041
18051
18057
18059
18115
18116
18283
18284
18335
18347
18348
18372
18403
18467
18492
18495
18516
18517
18567
18594
18651
18663
18706
18745
18762
18778
18870
18878
18894
18913
18938
18979
18982
19002
19012
19015
19016
19029
19033
19141
19149
19226
19227
19248
19282
19300
19325
19389
19401
19433
19493
19525
19564
19577
19592
19593
19617
19622
19623
19724
19757
19785
19809
19818
19828
19892
19906
19944
19964
19965
19973
19990
19996
20036
20075
20150
20154
20155
20160
20200
20202
20219
20241
20283
20347
20351
20357
20387
20394
20395
20396
20423
20466
20501
20558
20597
20665
20666
20689
20692
20726
20736
20739
20741
20788
20803
20855
20857
20913
20982
20985
20997
21069
21240
21265
21271
21293
21300
21307
21320
21332
21334
21374
21406
21447
21453
21511
21540
21572
21672
21680
21727
21767
21795
21880
21913
21979
22041
22068
22100
22136
22139
22141
22207
22248
22258
22341
22351
22358
22408
22436
22510
22513
22518
22534
22535
22654
22657
22680
22781
22821
22929
22957
22959
22968
23004
23005
23053
23062
23138
23155
23184
23219
23257
23294
23368
23383
23408
23434
23440
23464
23508
23516
23567
23584
23613
23655
23671
23672
23809
23915
23935
23940
23951
23971
23981
23982
23983
23984
23990
24000
24028
24049
24054
24086
24099
24113
24130
24189
24198
24205
24215
24271
24301
24326
24328
24364
24365
24392
24520
24532
24537
24541
24604
24626
24684
24709
24734
24766
24768
24787
24805
24813
24836
24845
24856
24873
24887
24890
24892
24898
24909
24973
25054
25078
25091
25094
25108
25209
25236
25309
25325
25363
25444
25445
25466
25497
25557
25562
25624
25698
25748
25789
25920
25940
26009
26127
26129
26152
26185
26204
26222
26260
26266
26268
26308
26409
26462
26479
26490
26529
26608
26617
26625
26640
26685
26727
26733
26751
26781
26796
26852
26854
26871
26888
26940
27098
27247
27320
27402
27403
27447
27458
27468
27472
27496
27503
27616
27634
27635
27656
27672
27716
27718
27744
27801
27838
27867
27870
27907
27909
