345
849
870
880
902
1064
1067
1341
1348
1391
1416
1424
1872
2137
2165
2205
2238
2256
2353
2416
2647
2676
2691
2696
2708
2839
2840
2999
3167
3246
3248
3331
3573
3770
3815
3931
3982
3983
4059
4134
4182
4188
4201
4329
4330
4370
4474
4491
4668
4669
4833
4834
4978
4987
5356
5358
5498
5520
5641
5766
5767
5770
6067
6234
6259
6263
6278
6379
6401
6540
6547
6581
6583
6584
6638
6676
6734
6755
6843
6865
7070
7216
7256
7405
7530
7534
7535
7582
7689
7770
7858
7927
7929
7939
8033
8059
8089
8171
8197
8212
8239
8242
8378
8482
8494
8511
8636
8678
8869
9133
9423
9617
9753
9758
9802
9819
9826
9958
9989
10004
10005
10080
10105
10308
10462
10465
10467
10502
10576
10744
10752
10790
10962
10963
11038
11142
11185
11242
11244
11382
11404
11406
11416
11480
11489
11589
11652
11728
11730
11731
11787
11879
11887
11996
12017
12021
12044
12049
12145
12194
12199
12282
12309
12311
12361
12539
12843
12983
13030
13033
13299
13328
13367
13400
13411
13416
13550
13567
13609
13614
13700
13703
14120
14122
14125
14317
14324
14325
14375
14464
14597
14603
14806
14884
14922
14986
14988
15336
15526
15601
15712
15767
15830
15900
16116
16149
16259
16325
16327
16344
16465
16491
16518
16540
16689
16928
16965
17014
17045
17225
17235
17470
17529
17584
17706
17812
17851
17926
17982
18014
18063
18064
18078
18190
18191
18282
18384
18451
18476
18656
18694
18755
18888
18956
18959
19133
19180
19225
19517
19524
19686
19704
19786
20154
20184
20553
20802
20927
21015
21085
21213
21215
21233
21440
21524
21630
21742
21853
22067
22076
22092
22132
22135
22175
22257
22320
22322
22377
22423
22486
22518
22634
22643
22800
22834
22945
22950
22993
23047
23101
23136
23139
23261
23522
24149
24227
24330
24374
24550
24646
25049
25076
25093
25155
25171
25190
25195
25226
25343
25361
25378
25380
25406
25453
25455
25513
25528
25700
25773
25945
25974
26026
26088
26089
26107
26188
26492
26541
26695
26699
26835
26969
27017
27132
27139
27199
27235
27316
27318
27380
27528
27541
27614
27637
27638
27666
27719
27840
27842
27913
